286.317
466.054
287.411
285.701
297.011
284.793
299.115
290.195
290.393
290.301
289.365
343.606
428.768
315.866
346.458
484.072
348.536
293.76
305.201
354.924
289.068
289.421
295.202
290.73
295.247
292.356
291.316
289.12
293.259
289.099
289.103
293.432
309.073
286.58
291.383
285.601
292.461
290.98
291.195
299.443
292.521
290.553
295.844
286.661
307.996
288.825
296.166
288.008
290.482
290.158
292.943
288.057
292.866
288.887
294.435
287.593
287.516
310.92
289.625
289.934
285.385
292.764
290.863
290.452
288.061
305.174
292.97
317.637
288.316
288.102
286.931
295.981
289.038
291.428
289.437
288.12
287.845
292.22
295.619
293.067
316.868
289.788
290.62
298.193
289.957
299.729
287.405
288.736
287.213
293.362
287.933
290.298
298.568
284.91
285.63
286.424
292.217
285.627
300.463
301.215
292.713
287.755
294.288
286.271
289.729
287.052
290.587
289.576
292.091
287.674
292.595
293.331
299.139
289.523
291.123
287.437
293.407
291.688
296.464
287.589
290.682
293.122
295.536
287.799
294.089
285.53
298.648
289.056
292.679
287.777
288.983
290.762
301.292
289.405
288.954
291.6
290.47
297.351
287.3
304.895
287.123
296.79
288.319
290.672
286.3
304.081
289.257
294.275
288.571
302.233
304.092
294.719
285.332
297.271
288.142
291.503
287.781
298.49
291.921
292.792
301.092
293.452
288.52
291.087
290.864
292.639
303.604
285.874
285.649
287.024
287.408
288.276
291.07
289.584
292.701
289.364
295.865
287.964
306.58
287.305
293.93
290.829
292.165
288.282
292.315
287.592
294.819
287.157
294.64
291.531
292.42
289.668
291.015
289.535
298.336
294.849
291.968
288.408
290.98
296.059
296.722
290.31
291.758
291.087
289.634
285.184
284.482
297.133
292.016
294.212
289.828
290.387
293.362
295.903
290.651
293.921
289.535
300.585
286.607
292.151
287.8
291.531
290.288
290.59
287.791
294.792
292.986
290.438
290.155
294.968
289.814
290.444
288.501
301.534
287.223
295.082
287.916
296.213
289.949
293.233
290.731
288.194
292.179
288.681
290.16
298.811
291.789
289.019
302.052
290.953
294.293
291.202
294.556
292.362
292.5
287.851
292.133
287.709
291.65
289.915
293.655
291.606
295.279
286.975
295.499
291.893
302.882
290.019
292.599
290.566
295.276
284.763
290.688
287.378
292.553
289.291
297.324
286.239
289.417
297.457
289.77
314.217
290.863
284.785
293.54
289.834
286.549
291.7
287.34
296.253
287.282
287.841
288.519
293.639
286.861
293.352
287.945
294.769
285.387
293.727
299.821
293.675
296.547
293.177
288.157
295.689
287.669
292.96
288.577
295.429
292.301
291.477
296.903
296.003
287.972
284.825
294.777
289.627
292.165
288.977
294.183
288.157
293.624
291.86
294.222
287.937
295.295
287.982
291.305
289.701
296.396
286.479
291.181
294.578
294.587
290.948
294.258
290.581
290.857
288.478
293.576
286.296
293.279
291.703
295.497
283.842
298.718
291.231
290.632
288.524
291.313
288.548
291.066
290.768
291.951
294.616
290.678
295.406
286.173
294.132
291.056
290.317
301.044
292.83
286.721
288.612
287.203
300.814
288.182
292.593
294.913
291.926
288.393
289.885
286.331
290.391
288.007
295.11
289.576
306.334
288.348
292.953
288.119
297.461
288.067
292.805
284.722
295.182
286.205
288.181
286.589
288.475
292.598
288.825
295.424
