223.375
271.38
191.375
161.963
186.147
218.02
166.88
209.836
213.664
165.799
195.944
163.373
160.468
169.389
162.977
154.166
157.285
171.555
156.536
153.878
172.304
156.429
154.361
158.026
158.198
152.622
155.095
154.603
158.428
158.313
154.29
153.389
159.573
155.89
153.843
157.059
160.193
154.342
154.635
154.907
203.653
228.736
266.42
250.163
160.378
246.935
226.404
165.218
155.393
156.258
154.725
158.962
159.743
159.689
157.118
156.958
153.909
160.945
156.432
163.475
156.816
161.101
155.659
156.864
154.167
156.611
163.425
159.755
159.256
158.922
157.393
155.319
159.82
158.156
162.725
163.585
159.333
164.143
160.19
155.235
155.46
155.016
156.589
157.319
159.266
161.838
154.028
155.878
159.8
156.523
159.821
161.087
159.555
154.621
156.263
156.884
158.288
168.887
154.509
160.34
156.46
157.664
156.499
157.741
155.802
158.389
158.639
157.87
155.966
156.729
154.129
156.28
152.969
154.749
160.437
162.175
159.273
194.837
154.767
164.15
157.588
159.824
155.789
156.71
154.178
156.923
157.548
154.863
155.976
152.697
154.425
156.734
154.658
158.412
161.583
154.094
155.799
162.353
153.312
166.397
159.327
156.293
156.676
174.626
156.891
154.053
156.517
155.948
154.739
157.786
156.265
159.098
157.116
158.306
159.492
156.344
154.686
164.352
162.411
154.515
158.156
159.245
154.371
160.567
159.767
166.853
158.292
157.289
157.342
156.059
155.677
162.834
153.025
157.292
156.991
156.792
154.008
158.15
158.613
165.22
157.002
156.577
154.717
177.253
157.865
158.03
158.621
158.49
158.619
161.691
160.131
154.021
154.658
159.553
156.92
156.869
159.949
154.257
154.686
156.789
154.249
158.514
152.014
158.128
155.431
155.569
155.948
161.476
156.984
159.958
152.426
159.606
158.564
154.014
160.039
157.52
155.784
163.701
154.653
154.45
156.983
155.322
153.719
156.676
159.385
157.922
158.276
155.507
153.078
156.632
154.606
155.586
157.075
157.241
154.357
154.537
154.827
155.957
156.461
170.045
156.589
155.624
154.731
155.786
154.898
157.524
160.219
158.068
152.694
156.996
155.155
154.452
156.41
158.501
156.702
155.277
159.289
169.248
173.093
172.519
164.179
170.031
167.465
164.257
165.295
162.378
164.37
159.975
162.416
167.396
170.967
159.922
166.181
155.214
156.901
158.101
160.603
159.934
155.971
154.199
158.077
154.312
158.873
156.671
163.635
157.112
156.06
158.304
157.536
155.661
155.49
157.207
156.267
157.33
164.041
155.582
153.477
154.888
155.193
159.983
155.004
157.526
155.994
161.214
155.395
156.594
156.311
158.558
163.005
161.066
156.937
156.964
162.646
157.328
159.062
157.818
156.994
158.038
159.338
158.019
183.203
157.817
158.156
161.047
157.319
153.805
153.62
153.211
159.714
157.807
156.297
157.639
160.84
158.264
160.213
156.409
166.311
157.486
155.899
157.948
159.603
159.36
160.734
155.488
156.498
156.26
160.364
156.229
154.157
154.075
158.484
156.37
157.507
155.285
161.242
155.729
156.552
159.332
162.713
153.644
159.961
158.63
156.884
154.505
155.665
155.425
163.246
161.816
157.401
154.343
157.278
161.639
162.347
155.675
158.645
163.242
157.19
170.687
158.96
154.413
162.495
157.032
156.28
159.048
158.926
154.673
155.793
157.375
165.497
157.22
162.687
155.439
155.048
159.68
159.597
