54.4664
59.906
66.0743
69.7203
57.0518
47.4226
50.6833
50.7297
46.1267
39.2122
45.7173
44.5177
45.0988
41.0586
43.6925
43.2739
46.1393
41.9112
47.2957
39.5213
45.977
39.5212
41.8701
42.6231
44.9735
40.4745
45.8777
41.2479
45.9944
41.935
46.023
41.7666
44.4997
61.018
60.0073
67.366
46.4327
40.0476
46.6064
38.4681
43.9996
40.9171
42.1127
40.3357
47.7084
38.8053
46.0405
42.6679
45.7907
43.593
45.486
42.2945
43.8469
45.2869
44.8719
44.9416
49.4507
39.2775
42.3787
39.6589
44.1724
40.4121
41.6404
39.3035
44.9132
42.9354
47.7827
39.3106
41.8031
44.035
52.9915
40.4918
39.1459
43.0008
40.1376
45.0362
39.1456
43.9794
40.1331
47.2854
38.218
37.2055
41.329
43.2086
37.609
45.9447
38.1348
42.4372
39.6363
40.3695
41.2394
44.6719
37.5499
43.5849
40.049
42.0339
42.5781
48.5511
38.1189
40.4614
38.638
46.5309
38.292
41.8674
37.8353
47.8093
37.6869
39.7265
41.1601
42.1911
39.525
44.6094
38.8378
38.9145
38.2474
45.7054
42.4248
42.0661
39.8228
42.4069
37.3744
43.8435
39.1468
43.7757
37.2639
46.7162
37.3368
41.2627
39.5975
42.8834
40.7721
41.169
38.4337
45.0658
43.114
42.5217
39.2543
44.0138
41.0612
40.2959
40.66
43.9554
44.885
43.7403
43.5789
43.3409
44.1261
41.0652
38.3202
41.7173
40.8401
41.1709
39.5186
43.8975
41.9585
45.4434
37.0486
39.6861
44.0087
43.4032
39.3216
43.3818
38.9123
45.5401
37.7827
42.9854
41.0341
43.4351
41.511
42.8838
44.2818
43.2145
40.3098
43.8583
47.1233
43.2053
43.7678
37.9017
41.8995
37.0454
45.4533
40.5609
39.6285
38.552
41.822
40.3121
44.0849
43.2682
40.15
42.1752
40.5715
39.3819
42.1165
44.5237
39.2735
36.1919
44.8036
41.1643
40.1707
43.3947
39.5203
43.1686
39.5758
44.4151
39.2177
42.5844
40.4083
46.0393
40.6685
42.9657
39.6507
43.9235
40.3283
43.4473
41.5467
43.6312
38.3653
43.5948
39.1119
44.6925
42.4333
44.5896
40.8152
39.8844
39.888
41.2344
37.9304
41.8863
37.8255
46.9071
41.1654
43.7332
38.696
49.8543
40.8201
38.3611
38.5601
42.1086
37.3063
43.5796
41.8612
43.7351
39.1002
46.1604
37.2259
38.2955
41.9359
42.0446
40.2729
42.9029
38.664
42.3737
38.3005
46.9702
42.2959
40.8787
41.9501
41.9758
39.3395
43.4916
40.0467
52.7
42.4646
39.0042
41.3084
40.2479
41.9623
35.8189
43.2506
39.5995
42.8951
38.9972
40.9909
38.7183
43.7888
41.8731
43.4046
42.7571
43.8718
40.8803
42.4987
41.3459
42.8745
39.9681
44.138
40.7038
42.0335
40.531
41.9409
38.4255
41.619
42.9038
41.4447
40.4078
44.5476
37.8448
48.0647
36.683
44.9778
42.8723
41.1504
40.0427
47.0706
37.5066
43.9835
37.3221
43.7532
39.4495
42.4671
40.2281
44.6486
42.0783
41.8331
39.1823
45.3603
38.8709
39.703
41.7814
42.9352
39.5064
40.9536
38.1251
43.4713
45.3117
43.0421
42.2751
44.2137
39.7025
45.1894
41.1127
44.0087
38.5799
40.3563
39.6074
42.2641
41.6019
40.0793
38.6645
41.91
42.2625
39.2096
40.7488
39.6687
41.6444
44.9812
38.7202
45.5842
39.6034
45.8109
40.2585
44.3096
38.6111
47.9519
42.0021
40.1788
39.1775
40.0032
42.1753
49.5608
36.4407
40.9703
38.8126
40.3091
39.3753
44.7085
36.7757
47.6799
37.7145
39.5719
39.987
42.8164
39.5647
42.3755
40.0769
43.8671
39.6495
41.4459
40.454
46.0868
35.8954
43.9752
41.4921
48.0731
37.8831
36.9843
41.7739
43.1933
39.9447
44.4582
37.4015
42.7877
47.4228
49.1963
37.5734
38.4439